-780 -632 -486 -354 -313 -294 231 448 730 846 
-964 -816 -279 -268 -115 513 684 688 729 758 
-938 -734 -471 -260 -191 272 299 366 369 529 
-165 -123 260 608 792 816 860 868 969 990 
-981 -941 -855 -819 -520 -399 -307 -203 396 846 
-822 -726 -523 -338 -139 -124 283 382 867 973 
-438 -141 269 319 348 724 802 887 896 971 
-670 -551 -388 -265 -211 -184 169 478 626 805 
-940 -547 -523 -170 -108 250 645 769 815 939 
-858 -800 -125 149 162 269 521 623 903 930 
-981 -922 -726 -143 119 647 752 829 866 871 
-949 -744 -209 -103 183 203 307 571 933 964 
-767 -353 186 200 240 495 654 688 823 988 
-883 -798 -798 -531 386 405 606 675 688 757 
-559 -433 -212 -175 246 483 566 733 765 958 
-815 -771 -569 -152 212 410 559 662 724 882 
-884 -725 -629 -421 -325 -112 147 522 558 763 
-764 -470 -458 -367 394 427 757 768 863 924 
-916 -879 -852 -651 -493 314 331 608 708 989 
-930 -732 -721 -608 -382 -221 -198 152 712 904 
974 707 688 241 235 209 -406 -551 -776 -875 
917 729 666 570 423 -205 -382 -596 -639 -881 
811 754 681 607 509 -166 -495 -655 -670 -923 
929 887 798 486 423 -137 -176 -523 -766 -955 
905 731 595 472 262 -467 -741 -792 -849 -881 
958 898 879 648 277 229 178 -494 -745 -880 
892 863 797 623 284 -277 -287 -332 -611 -630 
919 876 864 853 505 462 347 -238 -519 -636 
665 332 222 -173 -182 -279 -308 -860 -921 -938 
857 755 708 665 399 -126 -252 -359 -542 -596 
