Sorted matrix: 
16 14 13 9 -4 -6 -9 -11 -17 -18 
19 13 13 12 8 5 -9 -11 -11 -18 
17 16 8 7 0 -4 -4 -12 -12 -16 
20 18 15 8 2 2 -8 -9 -13 -19 
20 9 8 5 2 1 1 -4 -5 -16 
20 17 17 6 0 -3 -4 -8 -15 -15 
18 2 1 -1 -5 -12 -13 -15 -16 -19 
15 12 12 5 -3 -5 -10 -16 -18 -19 
17 5 -1 -5 -6 -12 -13 -13 -13 -14 
18 16 15 8 6 -1 -2 -5 -17 -20 
Sorted matrix: 
-1 -4 -6 -8 -8 -11 -14 -14 -18 -19 
16 13 5 4 -10 -10 -12 -14 -14 -16 
17 17 16 14 8 3 -1 -14 -16 -18 
15 11 9 9 3 2 1 -2 -5 -14 
15 9 8 2 -12 -14 -15 -16 -16 -17 
19 17 12 5 3 2 -6 -13 -19 -19 
15 14 8 6 4 2 -2 -4 -16 -20 
19 18 18 8 6 1 0 -4 -8 -16 
12 5 -1 -3 -6 -9 -14 -18 -19 -20 
15 15 10 8 5 2 -7 -11 -16 -17 
